slot.01.X.0.vec_sph: 20.8 45.0 45.0

slot.02.X.0.vec_sph: 20.8 45.0 -45.0

slot.03.X.0.vec_sph: 20.8 45.0 -135.0

slot.04.X.0.vec_sph: 20.8 45.0 135.0

slot.05.X.0.vec_sph: 20.8 90.0 67.5
slot.05.A.0.vec_sph: 22.0208991642 95.7337053935 73.2626328866
slot.05.A.1.vec_sph: 22.1520729487 98.4653451775 73.2626328866
slot.05.A.2.vec_sph: 21.9403109807 92.9756802735 73.2626328866
slot.05.B.0.vec_sph: 22.0208991642 84.2662946065 73.2626328866
slot.05.B.1.vec_sph: 21.9403109807 87.0243197265 73.2626328866
slot.05.B.2.vec_sph: 22.1520729487 81.5346548225 73.2626328866
slot.05.C.0.vec_sph: 22.0208991642 84.2662946065 61.7373671134
slot.05.C.1.vec_sph: 21.9403109807 87.0243197265 61.7373671134
slot.05.C.2.vec_sph: 22.1520729487 81.5346548225 61.7373671134
slot.05.D.0.vec_sph: 22.0208991642 95.7337053935 61.7373671134
slot.05.D.1.vec_sph: 22.1520729487 98.4653451775 61.7373671134
slot.05.D.2.vec_sph: 21.9403109807 92.9756802735 61.7373671134

slot.06.X.0.vec_sph: 20.8 90.0 22.5
slot.06.A.0.vec_sph: 22.0208991642 95.7337053935 28.2626328866
slot.06.A.1.vec_sph: 22.1520729487 98.4653451775 28.2626328866
slot.06.A.2.vec_sph: 21.9403109807 92.9756802735 28.2626328866
slot.06.B.0.vec_sph: 22.0208991642 84.2662946065 28.2626328866
slot.06.B.1.vec_sph: 21.9403109807 87.0243197265 28.2626328866
slot.06.B.2.vec_sph: 22.1520729487 81.5346548225 28.2626328866
slot.06.C.0.vec_sph: 22.0208991642 84.2662946065 16.7373671134
slot.06.C.1.vec_sph: 21.9403109807 87.0243197265 16.7373671134
slot.06.C.2.vec_sph: 22.1520729487 81.5346548225 16.7373671134
slot.06.D.0.vec_sph: 22.0208991642 95.7337053935 16.7373671134
slot.06.D.1.vec_sph: 22.1520729487 98.4653451775 16.7373671134
slot.06.D.2.vec_sph: 21.9403109807 92.9756802735 16.7373671134

slot.07.X.0.vec_sph: 20.8 90.0 -22.5
slot.07.A.0.vec_sph: 22.0208991642 95.7337053935 -16.7373671134
slot.07.A.1.vec_sph: 22.1520729487 98.4653451775 -16.7373671134
slot.07.A.2.vec_sph: 21.9403109807 92.9756802735 -16.7373671134
slot.07.B.0.vec_sph: 22.0208991642 84.2662946065 -16.7373671134
slot.07.B.1.vec_sph: 21.9403109807 87.0243197265 -16.7373671134
slot.07.B.2.vec_sph: 22.1520729487 81.5346548225 -16.7373671134
slot.07.C.0.vec_sph: 22.0208991642 84.2662946065 -28.2626328866
slot.07.C.1.vec_sph: 21.9403109807 87.0243197265 -28.2626328866
slot.07.C.2.vec_sph: 22.1520729487 81.5346548225 -28.2626328866
slot.07.D.0.vec_sph: 22.0208991642 95.7337053935 -28.2626328866
slot.07.D.1.vec_sph: 22.1520729487 98.4653451775 -28.2626328866
slot.07.D.2.vec_sph: 21.9403109807 92.9756802735 -28.2626328866

slot.08.X.0.vec_sph: 20.8 90.0 -67.5
slot.08.A.0.vec_sph: 22.0208991642 95.7337053935 -61.7373671134
slot.08.A.1.vec_sph: 22.1520729487 98.4653451775 -61.7373671134
slot.08.A.2.vec_sph: 21.9403109807 92.9756802735 -61.7373671134
slot.08.B.0.vec_sph: 22.0208991642 84.2662946065 -61.7373671134
slot.08.B.1.vec_sph: 21.9403109807 87.0243197265 -61.7373671134
slot.08.B.2.vec_sph: 22.1520729487 81.5346548225 -61.7373671134
slot.08.C.0.vec_sph: 22.0208991642 84.2662946065 -73.2626328866
slot.08.C.1.vec_sph: 21.9403109807 87.0243197265 -73.2626328866
slot.08.C.2.vec_sph: 22.1520729487 81.5346548225 -73.2626328866
slot.08.D.0.vec_sph: 22.0208991642 95.7337053935 -73.2626328866
slot.08.D.1.vec_sph: 22.1520729487 98.4653451775 -73.2626328866
slot.08.D.2.vec_sph: 21.9403109807 92.9756802735 -73.2626328866

slot.09.X.0.vec_sph: 20.8 90.0 -112.5
slot.09.A.0.vec_sph: 22.0208991642 84.2662946065 -106.737367113
slot.09.A.1.vec_sph: 21.9403109807 87.0243197265 -106.737367113
slot.09.A.2.vec_sph: 22.1520729487 81.5346548225 -106.737367113
slot.09.B.0.vec_sph: 22.0208991642 95.7337053935 -106.737367113
slot.09.B.1.vec_sph: 22.1520729487 98.4653451775 -106.737367113
slot.09.B.2.vec_sph: 21.9403109807 92.9756802735 -106.737367113
slot.09.C.0.vec_sph: 22.0208991642 95.7337053935 -118.262632887
slot.09.C.1.vec_sph: 22.1520729487 98.4653451775 -118.262632887
slot.09.C.2.vec_sph: 21.9403109807 92.9756802735 -118.262632887
slot.09.D.0.vec_sph: 22.0208991642 84.2662946065 -118.262632887
slot.09.D.1.vec_sph: 21.9403109807 87.0243197265 -118.262632887
slot.09.D.2.vec_sph: 22.1520729487 81.5346548225 -118.262632887

slot.10.X.0.vec_sph: 20.8 90.0 -157.5
slot.10.A.0.vec_sph: 22.0208991642 84.2662946065 -151.737367113
slot.10.A.1.vec_sph: 21.9403109807 87.0243197265 -151.737367113
slot.10.A.2.vec_sph: 22.1520729487 81.5346548225 -151.737367113
slot.10.B.0.vec_sph: 22.0208991642 95.7337053935 -151.737367113
slot.10.B.1.vec_sph: 22.1520729487 98.4653451775 -151.737367113
slot.10.B.2.vec_sph: 21.9403109807 92.9756802735 -151.737367113
slot.10.C.0.vec_sph: 22.0208991642 95.7337053935 -163.262632887
slot.10.C.1.vec_sph: 22.1520729487 98.4653451775 -163.262632887
slot.10.C.2.vec_sph: 21.9403109807 92.9756802735 -163.262632887
slot.10.D.0.vec_sph: 22.0208991642 84.2662946065 -163.262632887
slot.10.D.1.vec_sph: 21.9403109807 87.0243197265 -163.262632887
slot.10.D.2.vec_sph: 22.1520729487 81.5346548225 -163.262632887

slot.11.X.0.vec_sph: 20.8 90.0 157.5
slot.11.A.0.vec_sph: 22.0208991642 84.2662946065 163.262632887
slot.11.A.1.vec_sph: 21.9403109807 87.0243197265 163.262632887
slot.11.A.2.vec_sph: 22.1520729487 81.5346548225 163.262632887
slot.11.B.0.vec_sph: 22.0208991642 95.7337053935 163.262632887
slot.11.B.1.vec_sph: 22.1520729487 98.4653451775 163.262632887
slot.11.B.2.vec_sph: 21.9403109807 92.9756802735 163.262632887
slot.11.C.0.vec_sph: 22.0208991642 95.7337053935 151.737367113
slot.11.C.1.vec_sph: 22.1520729487 98.4653451775 151.737367113
slot.11.C.2.vec_sph: 21.9403109807 92.9756802735 151.737367113
slot.11.D.0.vec_sph: 22.0208991642 84.2662946065 151.737367113
slot.11.D.1.vec_sph: 21.9403109807 87.0243197265 151.737367113
slot.11.D.2.vec_sph: 22.1520729487 81.5346548225 151.737367113

slot.12.X.0.vec_sph: 20.8 90.0 112.5
slot.12.A.0.vec_sph: 22.0208991642 84.2662946065 118.262632887
slot.12.A.1.vec_sph: 21.9403109807 87.0243197265 118.262632887
slot.12.A.2.vec_sph: 22.1520729487 81.5346548225 118.262632887
slot.12.B.0.vec_sph: 22.0208991642 95.7337053935 118.262632887
slot.12.B.1.vec_sph: 22.1520729487 98.4653451775 118.262632887
slot.12.B.2.vec_sph: 21.9403109807 92.9756802735 118.262632887
slot.12.C.0.vec_sph: 22.0208991642 95.7337053935 106.737367113
slot.12.C.1.vec_sph: 22.1520729487 98.4653451775 106.737367113
slot.12.C.2.vec_sph: 21.9403109807 92.9756802735 106.737367113
slot.12.D.0.vec_sph: 22.0208991642 84.2662946065 106.737367113
slot.12.D.1.vec_sph: 21.9403109807 87.0243197265 106.737367113
slot.12.D.2.vec_sph: 22.1520729487 81.5346548225 106.737367113

slot.13.X.0.vec_sph: 20.8 135.0 45.0
slot.13.A.0.vec_sph: 22.0208991642 140.412934455 54.0197750243
slot.13.B.0.vec_sph: 22.0208991642 129.003656234 52.3864158194
slot.13.C.0.vec_sph: 22.0208991642 129.003656234 37.6135841806
slot.13.D.0.vec_sph: 22.0208991642 140.412934455 35.9802249757

slot.14.X.0.vec_sph: 20.8 135.0 -45.0
slot.14.A.0.vec_sph: 22.0208991642 140.412934455 -35.9802249757
slot.14.B.0.vec_sph: 22.0208991642 129.003656234 -37.6135841806
slot.14.C.0.vec_sph: 22.0208991642 129.003656234 -52.3864158194
slot.14.D.0.vec_sph: 22.0208991642 140.412934455 -54.0197750243

slot.15.X.0.vec_sph: 20.8 135.0 -135.0
slot.15.A.0.vec_sph: 21.5260307535 140.529279317 -125.748137621
slot.15.A.1.vec_sph: 21.8052745913 142.914334857 -120.464834792
slot.15.A.2.vec_sph: 21.5821685657 137.214499125 -121.990932565
slot.15.A.3.vec_sph: 21.3567319597 137.872047147 -130.596250828
slot.15.A.4.vec_sph: 21.5821685657 143.705142828 -130.06053371
slot.15.B.0.vec_sph: 21.5260307535 128.859610887 -127.458216908
slot.15.B.1.vec_sph: 21.8052745913 125.71179709 -124.25798348
slot.15.B.2.vec_sph: 21.5821685657 126.138737402 -131.381593934
slot.15.B.3.vec_sph: 21.3567319597 131.975145888 -131.027302035
slot.15.B.4.vec_sph: 21.5821685657 131.438988018 -123.231127406
slot.15.C.0.vec_sph: 21.5260307535 128.859610887 -142.541783092
slot.15.C.1.vec_sph: 21.8052745913 125.71179709 -145.74201652
slot.15.C.2.vec_sph: 21.5821685657 131.438988018 -146.768872594
slot.15.C.3.vec_sph: 21.3567319597 131.975145888 -138.972697965
slot.15.C.4.vec_sph: 21.5821685657 126.138737402 -138.618406066
slot.15.D.0.vec_sph: 21.5260307535 140.529279317 -144.251862379
slot.15.D.1.vec_sph: 21.8052745913 142.914334857 -149.535165208
slot.15.D.2.vec_sph: 21.5821685657 143.705142828 -139.93946629
slot.15.D.3.vec_sph: 21.3567319597 137.872047147 -139.403749172
slot.15.D.4.vec_sph: 21.5821685657 137.214499125 -148.009067435

slot.16.X.0.vec_sph: 20.8 135.0 135.0
slot.16.A.0.vec_sph: 21.5260307535 140.529279317 144.251862379
slot.16.A.1.vec_sph: 21.8052745913 142.914334857 149.535165208
slot.16.A.2.vec_sph: 21.5821685657 137.214499125 148.009067435
slot.16.A.3.vec_sph: 21.3567319597 137.872047147 139.403749172
slot.16.A.4.vec_sph: 21.5821685657 143.705142828 139.93946629
slot.16.B.0.vec_sph: 21.5260307535 128.859610887 142.541783092
slot.16.B.1.vec_sph: 21.8052745913 125.71179709 145.74201652
slot.16.B.2.vec_sph: 21.5821685657 126.138737402 138.618406066
slot.16.B.3.vec_sph: 21.3567319597 131.975145888 138.972697965
slot.16.B.4.vec_sph: 21.5821685657 131.438988018 146.768872594
slot.16.C.0.vec_sph: 21.5260307535 128.859610887 127.458216908
slot.16.C.1.vec_sph: 21.8052745913 125.71179709 124.25798348
slot.16.C.2.vec_sph: 21.5821685657 131.438988018 123.231127406
slot.16.C.3.vec_sph: 21.3567319597 131.975145888 131.027302035
slot.16.C.4.vec_sph: 21.5821685657 126.138737402 131.381593934
slot.16.D.0.vec_sph: 21.5260307535 140.529279317 125.748137621
slot.16.D.1.vec_sph: 21.8052745913 142.914334857 120.464834792
slot.16.D.2.vec_sph: 21.5821685657 143.705142828 130.06053371
slot.16.D.3.vec_sph: 21.3567319597 137.872047147 130.596250828
slot.16.D.4.vec_sph: 21.5821685657 137.214499125 121.990932565

