# x      a       y       b                     A      B
-471.6467 -0.0198 -5.09507 0.0046         -14.1106  -18.7994
-471.6467 -0.0158 -5.09507 0.0046         -14.1106  -18.7994
-471.6467 -0.0238 -5.09507 0.0046         -14.1106  -18.7994
-471.6467 -0.0198 -3.8950699999999996 0.0046         -14.1106  -18.7994
-471.6467 -0.0198 -6.29507 0.0046         -14.1106  -18.7994
-471.6467 -0.0198 -5.09507 0.0071     -14.1106  -18.7994
-471.6467 -0.0198 -5.09507 0.0021     -14.1106  -18.7994
-471.6467 -0.0198 0.04253 0.00126         -14.1106  0.0000
-471.6467 -0.0158 0.04253 0.00126         -14.1106  0.0000
-471.6467 -0.0238 0.04253 0.00126         -14.1106  0.0000
-471.6467 -0.0198 1.24253 0.00126         -14.1106  0.0000
-471.6467 -0.0198 -1.15747 0.00126         -14.1106  0.0000
-471.6467 -0.0198 0.04253 0.0037600000000000003     -14.1106  0.0000
-471.6467 -0.0198 0.04253 -0.00124     -14.1106  0.0000
-471.6467 -0.0198 4.67843 -0.0013         -14.1106  18.7994
-471.6467 -0.0158 4.67843 -0.0013         -14.1106  18.7994
-471.6467 -0.0238 4.67843 -0.0013         -14.1106  18.7994
-471.6467 -0.0198 5.87843 -0.0013         -14.1106  18.7994
-471.6467 -0.0198 3.4784299999999995 -0.0013         -14.1106  18.7994
-471.6467 -0.0198 4.67843 0.0012000000000000001     -14.1106  18.7994
-471.6467 -0.0198 4.67843 -0.0038     -14.1106  18.7994
-471.6467 -0.0198 9.12419 -0.00377         -14.1106  37.5988
-471.6467 -0.0158 9.12419 -0.00377         -14.1106  37.5988
-471.6467 -0.0238 9.12419 -0.00377         -14.1106  37.5988
-471.6467 -0.0198 10.32419 -0.00377         -14.1106  37.5988
-471.6467 -0.0198 7.92419 -0.00377         -14.1106  37.5988
-471.6467 -0.0198 9.12419 -0.0012699999999999999     -14.1106  37.5988
-471.6467 -0.0198 9.12419 -0.0062699999999999995     -14.1106  37.5988
-471.6467 -0.00128 -10.37019 0.00646         -7.0697   -37.5988
-471.6467 0.00272 -10.37019 0.00646         -7.0697   -37.5988
-471.6467 -0.00528 -10.37019 0.00646         -7.0697   -37.5988
-471.6467 -0.00128 -9.17019 0.00646         -7.0697   -37.5988
-471.6467 -0.00128 -11.570189999999998 0.00646         -7.0697   -37.5988
-471.6467 -0.00128 -10.37019 0.00896     -7.0697   -37.5988
-471.6467 -0.00128 -10.37019 0.00396     -7.0697   -37.5988
-471.6467 -0.00128 -5.2773 0.00369         -7.0697   -18.7994
-471.6467 0.00272 -5.2773 0.00369         -7.0697   -18.7994
-471.6467 -0.00528 -5.2773 0.00369         -7.0697   -18.7994
-471.6467 -0.00128 -4.0773 0.00369         -7.0697   -18.7994
-471.6467 -0.00128 -6.4773000000000005 0.00369         -7.0697   -18.7994
-471.6467 -0.00128 -5.2773 0.00619     -7.0697   -18.7994
-471.6467 -0.00128 -5.2773 0.00119     -7.0697   -18.7994
-471.6467 -0.00128 0.46088 0.0014         -7.0697   0.0000
-471.6467 0.00272 0.46088 0.0014         -7.0697   0.0000
-471.6467 -0.00528 0.46088 0.0014         -7.0697   0.0000
-471.6467 -0.00128 1.66088 0.0014         -7.0697   0.0000
-471.6467 -0.00128 -0.73912 0.0014         -7.0697   0.0000
-471.6467 -0.00128 0.46088 0.0039     -7.0697   0.0000
-471.6467 -0.00128 0.46088 -0.0011     -7.0697   0.0000
-471.6467 -0.00128 6.11017 -0.00096         -7.0697   18.7994
-471.6467 0.00272 6.11017 -0.00096         -7.0697   18.7994
-471.6467 -0.00528 6.11017 -0.00096         -7.0697   18.7994
-471.6467 -0.00128 7.31017 -0.00096         -7.0697   18.7994
-471.6467 -0.00128 4.91017 -0.00096         -7.0697   18.7994
-471.6467 -0.00128 6.11017 0.0015400000000000001     -7.0697   18.7994
-471.6467 -0.00128 6.11017 -0.00346     -7.0697   18.7994
-471.6467 -0.00128 11.34899 -0.0032         -7.0697   37.5988
-471.6467 0.00272 11.34899 -0.0032         -7.0697   37.5988
-471.6467 -0.00528 11.34899 -0.0032         -7.0697   37.5988
-471.6467 -0.00128 12.54899 -0.0032         -7.0697   37.5988
-471.6467 -0.00128 10.148990000000001 -0.0032         -7.0697   37.5988
-471.6467 -0.00128 11.34899 -0.0007000000000000001     -7.0697   37.5988
-471.6467 -0.00128 11.34899 -0.0057     -7.0697   37.5988
-471.6467 0.01928 -11.11321 0.0061         0.0000    -37.5988
-471.6467 0.02328 -11.11321 0.0061         0.0000    -37.5988
-471.6467 0.015279999999999998 -11.11321 0.0061         0.0000    -37.5988
-471.6467 0.01928 -9.913210000000001 0.0061         0.0000    -37.5988
-471.6467 0.01928 -12.31321 0.0061         0.0000    -37.5988
-471.6467 0.01928 -11.11321 0.0086     0.0000    -37.5988
-471.6467 0.01928 -11.11321 0.0036000000000000003     0.0000    -37.5988
-471.6467 0.01928 -5.40893 0.0037         0.0000    -18.7994
-471.6467 0.02328 -5.40893 0.0037         0.0000    -18.7994
-471.6467 0.015279999999999998 -5.40893 0.0037         0.0000    -18.7994
-471.6467 0.01928 -4.20893 0.0037         0.0000    -18.7994
-471.6467 0.01928 -6.60893 0.0037         0.0000    -18.7994
-471.6467 0.01928 -5.40893 0.006200000000000001     0.0000    -18.7994
-471.6467 0.01928 -5.40893 0.0012000000000000001     0.0000    -18.7994
-471.6467 0.01928 1.05189 0.00191         0.0000    0.0000
-471.6467 0.02328 1.05189 0.00191         0.0000    0.0000
-471.6467 0.015279999999999998 1.05189 0.00191         0.0000    0.0000
-471.6467 0.01928 2.25189 0.00191         0.0000    0.0000
-471.6467 0.01928 -0.14810999999999996 0.00191         0.0000    0.0000
-471.6467 0.01928 1.05189 0.00441     0.0000    0.0000
-471.6467 0.01928 1.05189 -0.00059     0.0000    0.0000
-471.6467 0.01928 7.6534 -0.00037         0.0000    18.7994
-471.6467 0.02328 7.6534 -0.00037         0.0000    18.7994
-471.6467 0.015279999999999998 7.6534 -0.00037         0.0000    18.7994
-471.6467 0.01928 8.8534 -0.00037         0.0000    18.7994
-471.6467 0.01928 6.4534 -0.00037         0.0000    18.7994
-471.6467 0.01928 7.6534 0.00213     0.0000    18.7994
-471.6467 0.01928 7.6534 -0.00287     0.0000    18.7994
-471.6467 0.01928 13.36699 -0.00251         0.0000    37.5988
-471.6467 0.02328 13.36699 -0.00251         0.0000    37.5988
-471.6467 0.015279999999999998 13.36699 -0.00251         0.0000    37.5988
-471.6467 0.01928 14.566989999999999 -0.00251         0.0000    37.5988
-471.6467 0.01928 12.16699 -0.00251         0.0000    37.5988
-471.6467 0.01928 13.36699 -1.0000000000000026e-05     0.0000    37.5988
-471.6467 0.01928 13.36699 -0.0050100000000000006     0.0000    37.5988
-471.6467 0.03978 -11.623 0.00558         7.0697    -37.5988
-471.6467 0.04378 -11.623 0.00558         7.0697    -37.5988
-471.6467 0.035780000000000006 -11.623 0.00558         7.0697    -37.5988
-471.6467 0.03978 -10.423 0.00558         7.0697    -37.5988
-471.6467 0.03978 -12.822999999999999 0.00558         7.0697    -37.5988
-471.6467 0.03978 -11.623 0.00808     7.0697    -37.5988
-471.6467 0.03978 -11.623 0.00308     7.0697    -37.5988
-471.6467 0.03978 -4.94648 0.00367         7.0697    -18.7994
-471.6467 0.04378 -4.94648 0.00367         7.0697    -18.7994
-471.6467 0.035780000000000006 -4.94648 0.00367         7.0697    -18.7994
-471.6467 0.03978 -3.74648 0.00367         7.0697    -18.7994
-471.6467 0.03978 -6.14648 0.00367         7.0697    -18.7994
-471.6467 0.03978 -4.94648 0.00617     7.0697    -18.7994
-471.6467 0.03978 -4.94648 0.00117     7.0697    -18.7994
-471.6467 0.03978 1.80699 0.0018         7.0697    0.0000
-471.6467 0.04378 1.80699 0.0018         7.0697    0.0000
-471.6467 0.035780000000000006 1.80699 0.0018         7.0697    0.0000
-471.6467 0.03978 3.00699 0.0018         7.0697    0.0000
-471.6467 0.03978 0.6069900000000001 0.0018         7.0697    0.0000
-471.6467 0.03978 1.80699 0.0043     7.0697    0.0000
-471.6467 0.03978 1.80699 -0.0007000000000000001     7.0697    0.0000
-471.6467 0.03978 9.02823 -0.00005         7.0697    18.7994
-471.6467 0.04378 9.02823 -0.00005         7.0697    18.7994
-471.6467 0.035780000000000006 9.02823 -0.00005         7.0697    18.7994
-471.6467 0.03978 10.22823 -0.00005         7.0697    18.7994
-471.6467 0.03978 7.8282300000000005 -0.00005         7.0697    18.7994
-471.6467 0.03978 9.02823 0.00245     7.0697    18.7994
-471.6467 0.03978 9.02823 -0.00255     7.0697    18.7994
-471.6467 0.03978 15.48402 -0.00214         7.0697    37.5988
-471.6467 0.04378 15.48402 -0.00214         7.0697    37.5988
-471.6467 0.035780000000000006 15.48402 -0.00214         7.0697    37.5988
-471.6467 0.03978 16.68402 -0.00214         7.0697    37.5988
-471.6467 0.03978 14.28402 -0.00214         7.0697    37.5988
-471.6467 0.03978 15.48402 0.0003600000000000001     7.0697    37.5988
-471.6467 0.03978 15.48402 -0.00464     7.0697    37.5988
-471.6467 0.05818 -11.0864 0.00534         14.1106   -37.5988
-471.6467 0.06218 -11.0864 0.00534         14.1106   -37.5988
-471.6467 0.054180000000000006 -11.0864 0.00534         14.1106   -37.5988
-471.6467 0.05818 -9.8864 0.00534         14.1106   -37.5988
-471.6467 0.05818 -12.286399999999999 0.00534         14.1106   -37.5988
-471.6467 0.05818 -11.0864 0.00784     14.1106   -37.5988
-471.6467 0.05818 -11.0864 0.00284     14.1106   -37.5988
-471.6467 0.05818 -3.46357 0.00365         14.1106   -18.7994
-471.6467 0.06218 -3.46357 0.00365         14.1106   -18.7994
-471.6467 0.054180000000000006 -3.46357 0.00365         14.1106   -18.7994
-471.6467 0.05818 -2.2635699999999996 0.00365         14.1106   -18.7994
-471.6467 0.05818 -4.66357 0.00365         14.1106   -18.7994
-471.6467 0.05818 -3.46357 0.00615     14.1106   -18.7994
-471.6467 0.05818 -3.46357 0.00115     14.1106   -18.7994
-471.6467 0.05818 2.91256 0.00187         14.1106   0.0000
-471.6467 0.06218 2.91256 0.00187         14.1106   0.0000
-471.6467 0.054180000000000006 2.91256 0.00187         14.1106   0.0000
-471.6467 0.05818 4.11256 0.00187         14.1106   0.0000
-471.6467 0.05818 1.71256 0.00187         14.1106   0.0000
-471.6467 0.05818 2.91256 0.00437     14.1106   0.0000
-471.6467 0.05818 2.91256 -0.0006300000000000001     14.1106   0.0000
-471.6467 0.05818 8.81371 0.00005         14.1106   18.7994
-471.6467 0.06218 8.81371 0.00005         14.1106   18.7994
-471.6467 0.054180000000000006 8.81371 0.00005         14.1106   18.7994
-471.6467 0.05818 10.01371 0.00005         14.1106   18.7994
-471.6467 0.05818 7.61371 0.00005         14.1106   18.7994
-471.6467 0.05818 8.81371 0.00255     14.1106   18.7994
-471.6467 0.05818 8.81371 -0.00245     14.1106   18.7994
-471.6467 0.05818 14.84116 -0.0014         14.1106   37.5988
-471.6467 0.06218 14.84116 -0.0014         14.1106   37.5988
-471.6467 0.054180000000000006 14.84116 -0.0014         14.1106   37.5988
-471.6467 0.05818 16.04116 -0.0014         14.1106   37.5988
-471.6467 0.05818 13.641160000000001 -0.0014         14.1106   37.5988
-471.6467 0.05818 14.84116 0.0011     14.1106   37.5988
-471.6467 0.05818 14.84116 -0.0039     14.1106   37.5988
-293.46263 -0.0107 -7.92197 0.0072         -14.1106  -37.5988
-293.46263 -0.006699999999999999 -7.92197 0.0072         -14.1106  -37.5988
-293.46263 -0.0147 -7.92197 0.0072         -14.1106  -37.5988
-293.46263 -0.0107 -6.72197 0.0072         -14.1106  -37.5988
-293.46263 -0.0107 -9.12197 0.0072         -14.1106  -37.5988
-293.46263 -0.0107 -7.92197 0.0097     -14.1106  -37.5988
-293.46263 -0.0107 -7.92197 0.004699999999999999     -14.1106  -37.5988
-293.46263 -0.0107 -4.45475 0.0038         -14.1106  -18.7994
-293.46263 -0.006699999999999999 -4.45475 0.0038         -14.1106  -18.7994
-293.46263 -0.0147 -4.45475 0.0038         -14.1106  -18.7994
-293.46263 -0.0107 -3.2547499999999996 0.0038         -14.1106  -18.7994
-293.46263 -0.0107 -5.65475 0.0038         -14.1106  -18.7994
-293.46263 -0.0107 -4.45475 0.0063     -14.1106  -18.7994
-293.46263 -0.0107 -4.45475 0.0013     -14.1106  -18.7994
-293.46263 -0.0107 0.00039 0.00101         -14.1106  0.0000
-293.46263 -0.006699999999999999 0.00039 0.00101         -14.1106  0.0000
-293.46263 -0.0147 0.00039 0.00101         -14.1106  0.0000
-293.46263 -0.0107 1.2003899999999998 0.00101         -14.1106  0.0000
-293.46263 -0.0107 -1.19961 0.00101         -14.1106  0.0000
-293.46263 -0.0107 0.00039 0.00351     -14.1106  0.0000
-293.46263 -0.0107 0.00039 -0.00149     -14.1106  0.0000
-293.46263 -0.0107 4.54841 -0.0022         -14.1106  18.7994
-293.46263 -0.006699999999999999 4.54841 -0.0022         -14.1106  18.7994
-293.46263 -0.0147 4.54841 -0.0022         -14.1106  18.7994
-293.46263 -0.0107 5.74841 -0.0022         -14.1106  18.7994
-293.46263 -0.0107 3.3484099999999994 -0.0022         -14.1106  18.7994
-293.46263 -0.0107 4.54841 0.0002999999999999999     -14.1106  18.7994
-293.46263 -0.0107 4.54841 -0.0047     -14.1106  18.7994
-293.46263 -0.0107 8.24405 -0.0048         -14.1106  37.5988
-293.46263 -0.006699999999999999 8.24405 -0.0048         -14.1106  37.5988
-293.46263 -0.0147 8.24405 -0.0048         -14.1106  37.5988
-293.46263 -0.0107 9.444049999999999 -0.0048         -14.1106  37.5988
-293.46263 -0.0107 7.0440499999999995 -0.0048         -14.1106  37.5988
-293.46263 -0.0107 8.24405 -0.0022999999999999995     -14.1106  37.5988
-293.46263 -0.0107 8.24405 -0.007299999999999999     -14.1106  37.5988
-293.46263 0.00844 -8.55644 0.00729         -7.0697   -37.5988
-293.46263 0.01244 -8.55644 0.00729         -7.0697   -37.5988
-293.46263 0.0044399999999999995 -8.55644 0.00729         -7.0697   -37.5988
-293.46263 0.00844 -7.35644 0.00729         -7.0697   -37.5988
-293.46263 0.00844 -9.75644 0.00729         -7.0697   -37.5988
-293.46263 0.00844 -8.55644 0.00979     -7.0697   -37.5988
-293.46263 0.00844 -8.55644 0.004789999999999999     -7.0697   -37.5988
-293.46263 0.00844 -4.05275 0.00418         -7.0697   -18.7994
-293.46263 0.01244 -4.05275 0.00418         -7.0697   -18.7994
-293.46263 0.0044399999999999995 -4.05275 0.00418         -7.0697   -18.7994
-293.46263 0.00844 -2.8527499999999995 0.00418         -7.0697   -18.7994
-293.46263 0.00844 -5.25275 0.00418         -7.0697   -18.7994
-293.46263 0.00844 -4.05275 0.00668     -7.0697   -18.7994
-293.46263 0.00844 -4.05275 0.0016799999999999996     -7.0697   -18.7994
-293.46263 0.00844 0.43088 0.00123         -7.0697   0.0000
-293.46263 0.01244 0.43088 0.00123         -7.0697   0.0000
-293.46263 0.0044399999999999995 0.43088 0.00123         -7.0697   0.0000
-293.46263 0.00844 1.6308799999999999 0.00123         -7.0697   0.0000
-293.46263 0.00844 -0.76912 0.00123         -7.0697   0.0000
-293.46263 0.00844 0.43088 0.00373     -7.0697   0.0000
-293.46263 0.00844 0.43088 -0.00127     -7.0697   0.0000
-293.46263 0.00844 5.4377 -0.00139         -7.0697   18.7994
-293.46263 0.01244 5.4377 -0.00139         -7.0697   18.7994
-293.46263 0.0044399999999999995 5.4377 -0.00139         -7.0697   18.7994
-293.46263 0.00844 6.637700000000001 -0.00139         -7.0697   18.7994
-293.46263 0.00844 4.2377 -0.00139         -7.0697   18.7994
-293.46263 0.00844 5.4377 0.00111     -7.0697   18.7994
-293.46263 0.00844 5.4377 -0.0038900000000000002     -7.0697   18.7994
-293.46263 0.00844 10.51035 -0.00399         -7.0697   37.5988
-293.46263 0.01244 10.51035 -0.00399         -7.0697   37.5988
-293.46263 0.0044399999999999995 10.51035 -0.00399         -7.0697   37.5988
-293.46263 0.00844 11.71035 -0.00399         -7.0697   37.5988
-293.46263 0.00844 9.310350000000001 -0.00399         -7.0697   37.5988
-293.46263 0.00844 10.51035 -0.0014899999999999996     -7.0697   37.5988
-293.46263 0.00844 10.51035 -0.006489999999999999     -7.0697   37.5988
-293.46263 0.02906 -9.15175 0.0064         0.0000    -37.5988
-293.46263 0.03306 -9.15175 0.0064         0.0000    -37.5988
-293.46263 0.02506 -9.15175 0.0064         0.0000    -37.5988
-293.46263 0.02906 -7.95175 0.0064         0.0000    -37.5988
-293.46263 0.02906 -10.35175 0.0064         0.0000    -37.5988
-293.46263 0.02906 -9.15175 0.0089     0.0000    -37.5988
-293.46263 0.02906 -9.15175 0.0039000000000000003     0.0000    -37.5988
-293.46263 0.02906 -4.30029 0.00403         0.0000    -18.7994
-293.46263 0.03306 -4.30029 0.00403         0.0000    -18.7994
-293.46263 0.02506 -4.30029 0.00403         0.0000    -18.7994
-293.46263 0.02906 -3.10029 0.00403         0.0000    -18.7994
-293.46263 0.02906 -5.500290000000001 0.00403         0.0000    -18.7994
-293.46263 0.02906 -4.30029 0.006529999999999999     0.0000    -18.7994
-293.46263 0.02906 -4.30029 0.0015299999999999997     0.0000    -18.7994
-293.46263 0.02906 1.06733 0.0015         0.0000    0.0000
-293.46263 0.03306 1.06733 0.0015         0.0000    0.0000
-293.46263 0.02506 1.06733 0.0015         0.0000    0.0000
-293.46263 0.02906 2.26733 0.0015         0.0000    0.0000
-293.46263 0.02906 -0.13267000000000007 0.0015         0.0000    0.0000
-293.46263 0.02906 1.06733 0.004     0.0000    0.0000
-293.46263 0.02906 1.06733 -0.001     0.0000    0.0000
-293.46263 0.02906 6.62974 -0.00095         0.0000    18.7994
-293.46263 0.03306 6.62974 -0.00095         0.0000    18.7994
-293.46263 0.02506 6.62974 -0.00095         0.0000    18.7994
-293.46263 0.02906 7.82974 -0.00095         0.0000    18.7994
-293.46263 0.02906 5.42974 -0.00095         0.0000    18.7994
-293.46263 0.02906 6.62974 0.0015500000000000002     0.0000    18.7994
-293.46263 0.02906 6.62974 -0.00345     0.0000    18.7994
-293.46263 0.02906 11.63299 -0.0034         0.0000    37.5988
-293.46263 0.03306 11.63299 -0.0034         0.0000    37.5988
-293.46263 0.02506 11.63299 -0.0034         0.0000    37.5988
-293.46263 0.02906 12.832989999999999 -0.0034         0.0000    37.5988
-293.46263 0.02906 10.43299 -0.0034         0.0000    37.5988
-293.46263 0.02906 11.63299 -0.0008999999999999998     0.0000    37.5988
-293.46263 0.02906 11.63299 -0.0059     0.0000    37.5988
-293.46263 0.04974 -9.05034 0.0063         7.0697    -37.5988
-293.46263 0.053739999999999996 -9.05034 0.0063         7.0697    -37.5988
-293.46263 0.04574 -9.05034 0.0063         7.0697    -37.5988
-293.46263 0.04974 -7.85034 0.0063         7.0697    -37.5988
-293.46263 0.04974 -10.25034 0.0063         7.0697    -37.5988
-293.46263 0.04974 -9.05034 0.0088     7.0697    -37.5988
-293.46263 0.04974 -9.05034 0.0038     7.0697    -37.5988
-293.46263 0.04974 -3.60018 0.00409         7.0697    -18.7994
-293.46263 0.053739999999999996 -3.60018 0.00409         7.0697    -18.7994
-293.46263 0.04574 -3.60018 0.00409         7.0697    -18.7994
-293.46263 0.04974 -2.4001799999999998 0.00409         7.0697    -18.7994
-293.46263 0.04974 -4.80018 0.00409         7.0697    -18.7994
-293.46263 0.04974 -3.60018 0.00659     7.0697    -18.7994
-293.46263 0.04974 -3.60018 0.0015899999999999998     7.0697    -18.7994
-293.46263 0.04974 2.1631 0.00162         7.0697    0.0000
-293.46263 0.053739999999999996 2.1631 0.00162         7.0697    0.0000
-293.46263 0.04574 2.1631 0.00162         7.0697    0.0000
-293.46263 0.04974 3.3631 0.00162         7.0697    0.0000
-293.46263 0.04974 0.9631000000000001 0.00162         7.0697    0.0000
-293.46263 0.04974 2.1631 0.00412     7.0697    0.0000
-293.46263 0.04974 2.1631 -0.0008800000000000001     7.0697    0.0000
-293.46263 0.04974 7.98231 -0.00057         7.0697    18.7994
-293.46263 0.053739999999999996 7.98231 -0.00057         7.0697    18.7994
-293.46263 0.04574 7.98231 -0.00057         7.0697    18.7994
-293.46263 0.04974 9.18231 -0.00057         7.0697    18.7994
-293.46263 0.04974 6.78231 -0.00057         7.0697    18.7994
-293.46263 0.04974 7.98231 0.00193     7.0697    18.7994
-293.46263 0.04974 7.98231 -0.00307     7.0697    18.7994
-293.46263 0.04974 13.10695 -0.0028         7.0697    37.5988
-293.46263 0.053739999999999996 13.10695 -0.0028         7.0697    37.5988
-293.46263 0.04574 13.10695 -0.0028         7.0697    37.5988
-293.46263 0.04974 14.306949999999999 -0.0028         7.0697    37.5988
-293.46263 0.04974 11.90695 -0.0028         7.0697    37.5988
-293.46263 0.04974 13.10695 -0.0002999999999999999     7.0697    37.5988
-293.46263 0.04974 13.10695 -0.0053     7.0697    37.5988
-293.46263 0.06907 -7.79811 0.00624         14.1106   -37.5988
-293.46263 0.07307000000000001 -7.79811 0.00624         14.1106   -37.5988
-293.46263 0.06507 -7.79811 0.00624         14.1106   -37.5988
-293.46263 0.06907 -6.59811 0.00624         14.1106   -37.5988
-293.46263 0.06907 -8.99811 0.00624         14.1106   -37.5988
-293.46263 0.06907 -7.79811 0.00874     14.1106   -37.5988
-293.46263 0.06907 -7.79811 0.00374     14.1106   -37.5988
-293.46263 0.06907 -1.89058 0.00399         14.1106   -18.7994
-293.46263 0.07307000000000001 -1.89058 0.00399         14.1106   -18.7994
-293.46263 0.06507 -1.89058 0.00399         14.1106   -18.7994
-293.46263 0.06907 -0.69058 0.00399         14.1106   -18.7994
-293.46263 0.06907 -3.09058 0.00399         14.1106   -18.7994
-293.46263 0.06907 -1.89058 0.006489999999999999     14.1106   -18.7994
-293.46263 0.06907 -1.89058 0.0014899999999999996     14.1106   -18.7994
-293.46263 0.06907 3.02901 0.00178         14.1106   0.0000
-293.46263 0.07307000000000001 3.02901 0.00178         14.1106   0.0000
-293.46263 0.06507 3.02901 0.00178         14.1106   0.0000
-293.46263 0.06907 4.22901 0.00178         14.1106   0.0000
-293.46263 0.06907 1.82901 0.00178         14.1106   0.0000
-293.46263 0.06907 3.02901 0.00428     14.1106   0.0000
-293.46263 0.06907 3.02901 -0.0007200000000000002     14.1106   0.0000
-293.46263 0.06907 7.73711 -0.00044         14.1106   18.7994
-293.46263 0.07307000000000001 7.73711 -0.00044         14.1106   18.7994
-293.46263 0.06507 7.73711 -0.00044         14.1106   18.7994
-293.46263 0.06907 8.93711 -0.00044         14.1106   18.7994
-293.46263 0.06907 6.53711 -0.00044         14.1106   18.7994
-293.46263 0.06907 7.73711 0.00206     14.1106   18.7994
-293.46263 0.06907 7.73711 -0.00294     14.1106   18.7994
-293.46263 0.06907 12.37114 -0.00215         14.1106   37.5988
-293.46263 0.07307000000000001 12.37114 -0.00215         14.1106   37.5988
-293.46263 0.06507 12.37114 -0.00215         14.1106   37.5988
-293.46263 0.06907 13.57114 -0.00215         14.1106   37.5988
-293.46263 0.06907 11.171140000000001 -0.00215         14.1106   37.5988
-293.46263 0.06907 12.37114 0.00035000000000000005     14.1106   37.5988
-293.46263 0.06907 12.37114 -0.00465     14.1106   37.5988
-119.47398 0.00041 -6.87815 0.00912         -14.1106  -37.5988
-119.47398 0.00441 -6.87815 0.00912         -14.1106  -37.5988
-119.47398 -0.0035900000000000003 -6.87815 0.00912         -14.1106  -37.5988
-119.47398 0.00041 -5.67815 0.00912         -14.1106  -37.5988
-119.47398 0.00041 -8.078149999999999 0.00912         -14.1106  -37.5988
-119.47398 0.00041 -6.87815 0.01162     -14.1106  -37.5988
-119.47398 0.00041 -6.87815 0.006619999999999999     -14.1106  -37.5988
-119.47398 0.00041 -4.02022 0.0058         -14.1106  -18.7994
-119.47398 0.00441 -4.02022 0.0058         -14.1106  -18.7994
-119.47398 -0.0035900000000000003 -4.02022 0.0058         -14.1106  -18.7994
-119.47398 0.00041 -2.82022 0.0058         -14.1106  -18.7994
-119.47398 0.00041 -5.22022 0.0058         -14.1106  -18.7994
-119.47398 0.00041 -4.02022 0.0083     -14.1106  -18.7994
-119.47398 0.00041 -4.02022 0.0032999999999999995     -14.1106  -18.7994
-119.47398 0.00041 -0.17405 0.00191         -14.1106  0.0000
-119.47398 0.00441 -0.17405 0.00191         -14.1106  0.0000
-119.47398 -0.0035900000000000003 -0.17405 0.00191         -14.1106  0.0000
-119.47398 0.00041 1.02595 0.00191         -14.1106  0.0000
-119.47398 0.00041 -1.37405 0.00191         -14.1106  0.0000
-119.47398 0.00041 -0.17405 0.00441     -14.1106  0.0000
-119.47398 0.00041 -0.17405 -0.00059     -14.1106  0.0000
-119.47398 0.00041 3.84323 -0.00156         -14.1106  18.7994
-119.47398 0.00441 3.84323 -0.00156         -14.1106  18.7994
-119.47398 -0.0035900000000000003 3.84323 -0.00156         -14.1106  18.7994
-119.47398 0.00041 5.04323 -0.00156         -14.1106  18.7994
-119.47398 0.00041 2.64323 -0.00156         -14.1106  18.7994
-119.47398 0.00041 3.84323 0.0009400000000000001     -14.1106  18.7994
-119.47398 0.00041 3.84323 -0.00406     -14.1106  18.7994
-119.47398 0.00041 7.42301 -0.00513         -14.1106  37.5988
-119.47398 0.00441 7.42301 -0.00513         -14.1106  37.5988
-119.47398 -0.0035900000000000003 7.42301 -0.00513         -14.1106  37.5988
-119.47398 0.00041 8.623009999999999 -0.00513         -14.1106  37.5988
-119.47398 0.00041 6.2230099999999995 -0.00513         -14.1106  37.5988
-119.47398 0.00041 7.42301 -0.00263     -14.1106  37.5988
-119.47398 0.00041 7.42301 -0.00763     -14.1106  37.5988
-119.47398 0.0189 -7.41219 0.0085         -7.0697   -37.5988
-119.47398 0.0229 -7.41219 0.0085         -7.0697   -37.5988
-119.47398 0.0149 -7.41219 0.0085         -7.0697   -37.5988
-119.47398 0.0189 -6.21219 0.0085         -7.0697   -37.5988
-119.47398 0.0189 -8.61219 0.0085         -7.0697   -37.5988
-119.47398 0.0189 -7.41219 0.011000000000000001     -7.0697   -37.5988
-119.47398 0.0189 -7.41219 0.006     -7.0697   -37.5988
-119.47398 0.0189 -3.66044 0.00493         -7.0697   -18.7994
-119.47398 0.0229 -3.66044 0.00493         -7.0697   -18.7994
-119.47398 0.0149 -3.66044 0.00493         -7.0697   -18.7994
-119.47398 0.0189 -2.46044 0.00493         -7.0697   -18.7994
-119.47398 0.0189 -4.86044 0.00493         -7.0697   -18.7994
-119.47398 0.0189 -3.66044 0.007430000000000001     -7.0697   -18.7994
-119.47398 0.0189 -3.66044 0.0024300000000000003     -7.0697   -18.7994
-119.47398 0.0189 0.5268 0.00196         -7.0697   0.0000
-119.47398 0.0229 0.5268 0.00196         -7.0697   0.0000
-119.47398 0.0149 0.5268 0.00196         -7.0697   0.0000
-119.47398 0.0189 1.7268 0.00196         -7.0697   0.0000
-119.47398 0.0189 -0.6731999999999999 0.00196         -7.0697   0.0000
-119.47398 0.0189 0.5268 0.00446     -7.0697   0.0000
-119.47398 0.0189 0.5268 -0.0005400000000000001     -7.0697   0.0000
-119.47398 0.0189 4.86499 -0.00138         -7.0697   18.7994
-119.47398 0.0229 4.86499 -0.00138         -7.0697   18.7994
-119.47398 0.0149 4.86499 -0.00138         -7.0697   18.7994
-119.47398 0.0189 6.06499 -0.00138         -7.0697   18.7994
-119.47398 0.0189 3.6649899999999995 -0.00138         -7.0697   18.7994
-119.47398 0.0189 4.86499 0.0011200000000000001     -7.0697   18.7994
-119.47398 0.0189 4.86499 -0.0038799999999999998     -7.0697   18.7994
-119.47398 0.0189 8.59602 -0.0039         -7.0697   37.5988
-119.47398 0.0229 8.59602 -0.0039         -7.0697   37.5988
-119.47398 0.0149 8.59602 -0.0039         -7.0697   37.5988
-119.47398 0.0189 9.796019999999999 -0.0039         -7.0697   37.5988
-119.47398 0.0189 7.396019999999999 -0.0039         -7.0697   37.5988
-119.47398 0.0189 8.59602 -0.0013999999999999998     -7.0697   37.5988
-119.47398 0.0189 8.59602 -0.0063999999999999994     -7.0697   37.5988
-119.47398 0.03928 -7.54283 0.0077         0.0000    -37.5988
-119.47398 0.04328 -7.54283 0.0077         0.0000    -37.5988
-119.47398 0.035280000000000006 -7.54283 0.0077         0.0000    -37.5988
-119.47398 0.03928 -6.34283 0.0077         0.0000    -37.5988
-119.47398 0.03928 -8.74283 0.0077         0.0000    -37.5988
-119.47398 0.03928 -7.54283 0.0102     0.0000    -37.5988
-119.47398 0.03928 -7.54283 0.0052     0.0000    -37.5988
-119.47398 0.03928 -3.26475 0.0048         0.0000    -18.7994
-119.47398 0.04328 -3.26475 0.0048         0.0000    -18.7994
-119.47398 0.035280000000000006 -3.26475 0.0048         0.0000    -18.7994
-119.47398 0.03928 -2.06475 0.0048         0.0000    -18.7994
-119.47398 0.03928 -4.4647499999999996 0.0048         0.0000    -18.7994
-119.47398 0.03928 -3.26475 0.007299999999999999     0.0000    -18.7994
-119.47398 0.03928 -3.26475 0.0022999999999999995     0.0000    -18.7994
-119.47398 0.03928 1.09504 0.00214         0.0000    0.0000
-119.47398 0.04328 1.09504 0.00214         0.0000    0.0000
-119.47398 0.035280000000000006 1.09504 0.00214         0.0000    0.0000
-119.47398 0.03928 2.29504 0.00214         0.0000    0.0000
-119.47398 0.03928 -0.10495999999999994 0.00214         0.0000    0.0000
-119.47398 0.03928 1.09504 0.00464     0.0000    0.0000
-119.47398 0.03928 1.09504 -0.0003600000000000001     0.0000    0.0000
-119.47398 0.03928 5.76642 0.0006         0.0000    18.7994
-119.47398 0.04328 5.76642 0.0006         0.0000    18.7994
-119.47398 0.035280000000000006 5.76642 0.0006         0.0000    18.7994
-119.47398 0.03928 6.96642 0.0006         0.0000    18.7994
-119.47398 0.03928 4.56642 0.0006         0.0000    18.7994
-119.47398 0.03928 5.76642 0.0031     0.0000    18.7994
-119.47398 0.03928 5.76642 -0.0019000000000000002     0.0000    18.7994
-119.47398 0.03928 9.99925 -0.00343         0.0000    37.5988
-119.47398 0.04328 9.99925 -0.00343         0.0000    37.5988
-119.47398 0.035280000000000006 9.99925 -0.00343         0.0000    37.5988
-119.47398 0.03928 11.19925 -0.00343         0.0000    37.5988
-119.47398 0.03928 8.79925 -0.00343         0.0000    37.5988
-119.47398 0.03928 9.99925 -0.0009299999999999998     0.0000    37.5988
-119.47398 0.03928 9.99925 -0.0059299999999999995     0.0000    37.5988
-119.47398 0.05951 -7.2043 0.0077         7.0697    -37.5988
-119.47398 0.06351 -7.2043 0.0077         7.0697    -37.5988
-119.47398 0.055510000000000004 -7.2043 0.0077         7.0697    -37.5988
-119.47398 0.05951 -6.0043 0.0077         7.0697    -37.5988
-119.47398 0.05951 -8.4043 0.0077         7.0697    -37.5988
-119.47398 0.05951 -7.2043 0.0102     7.0697    -37.5988
-119.47398 0.05951 -7.2043 0.0052     7.0697    -37.5988
-119.47398 0.05951 -2.85003 0.00517         7.0697    -18.7994
-119.47398 0.06351 -2.85003 0.00517         7.0697    -18.7994
-119.47398 0.055510000000000004 -2.85003 0.00517         7.0697    -18.7994
-119.47398 0.05951 -1.6500299999999999 0.00517         7.0697    -18.7994
-119.47398 0.05951 -4.05003 0.00517         7.0697    -18.7994
-119.47398 0.05951 -2.85003 0.00767     7.0697    -18.7994
-119.47398 0.05951 -2.85003 0.00267     7.0697    -18.7994
-119.47398 0.05951 2.03025 0.00243         7.0697    0.0000
-119.47398 0.06351 2.03025 0.00243         7.0697    0.0000
-119.47398 0.055510000000000004 2.03025 0.00243         7.0697    0.0000
-119.47398 0.05951 3.23025 0.00243         7.0697    0.0000
-119.47398 0.05951 0.8302500000000002 0.00243         7.0697    0.0000
-119.47398 0.05951 2.03025 0.00493     7.0697    0.0000
-119.47398 0.05951 2.03025 -7.000000000000018e-05     7.0697    0.0000
-119.47398 0.05951 7.25649 -0.00012         7.0697    18.7994
-119.47398 0.06351 7.25649 -0.00012         7.0697    18.7994
-119.47398 0.055510000000000004 7.25649 -0.00012         7.0697    18.7994
-119.47398 0.05951 8.45649 -0.00012         7.0697    18.7994
-119.47398 0.05951 6.05649 -0.00012         7.0697    18.7994
-119.47398 0.05951 7.25649 0.00238     7.0697    18.7994
-119.47398 0.05951 7.25649 -0.00262     7.0697    18.7994
-119.47398 0.05951 11.10236 -0.00278         7.0697    37.5988
-119.47398 0.06351 11.10236 -0.00278         7.0697    37.5988
-119.47398 0.055510000000000004 11.10236 -0.00278         7.0697    37.5988
-119.47398 0.05951 12.302359999999998 -0.00278         7.0697    37.5988
-119.47398 0.05951 9.90236 -0.00278         7.0697    37.5988
-119.47398 0.05951 11.10236 -0.00027999999999999987     7.0697    37.5988
-119.47398 0.05951 11.10236 -0.00528     7.0697    37.5988
-119.47398 0.079 -5.56235 0.0077         14.1106   -18.7994
-119.47398 0.083 -5.56235 0.0077         14.1106   -18.7994
-119.47398 0.075 -5.56235 0.0077         14.1106   -18.7994
-119.47398 0.079 -4.36235 0.0077         14.1106   -18.7994
-119.47398 0.079 -6.7623500000000005 0.0077         14.1106   -18.7994
-119.47398 0.079 -5.56235 0.0102     14.1106   -18.7994
-119.47398 0.079 -5.56235 0.0052     14.1106   -18.7994
-119.47398 0.079 -0.38519 0.0052         14.1106   0.0000
-119.47398 0.083 -0.38519 0.0052         14.1106   0.0000
-119.47398 0.075 -0.38519 0.0052         14.1106   0.0000
-119.47398 0.079 0.81481 0.0052         14.1106   0.0000
-119.47398 0.079 -1.5851899999999999 0.0052         14.1106   0.0000
-119.47398 0.079 -0.38519 0.0077     14.1106   0.0000
-119.47398 0.079 -0.38519 0.0026999999999999997     14.1106   0.0000
-119.47398 0.079 3.08663 0.00264         14.1106   18.7994
-119.47398 0.083 3.08663 0.00264         14.1106   18.7994
-119.47398 0.075 3.08663 0.00264         14.1106   18.7994
-119.47398 0.079 4.28663 0.00264         14.1106   18.7994
-119.47398 0.079 1.88663 0.00264         14.1106   18.7994
-119.47398 0.079 3.08663 0.0051400000000000005     14.1106   18.7994
-119.47398 0.079 3.08663 0.00013999999999999993     14.1106   18.7994
-119.47398 0.079 6.81471 0.00018         14.1106   37.5988
-119.47398 0.083 6.81471 0.00018         14.1106   37.5988
-119.47398 0.075 6.81471 0.00018         14.1106   37.5988
-119.47398 0.079 8.01471 0.00018         14.1106   37.5988
-119.47398 0.079 5.61471 0.00018         14.1106   37.5988
-119.47398 0.079 6.81471 0.00268     14.1106   37.5988
-119.47398 0.079 6.81471 -0.00232     14.1106   37.5988
49.62949 0.00947 -3.89301 0.00526         -14.1106  -18.7994
49.62949 0.01347 -3.89301 0.00526         -14.1106  -18.7994
49.62949 0.005469999999999999 -3.89301 0.00526         -14.1106  -18.7994
49.62949 0.00947 -2.69301 0.00526         -14.1106  -18.7994
49.62949 0.00947 -5.09301 0.00526         -14.1106  -18.7994
49.62949 0.00947 -3.89301 0.0077599999999999995     -14.1106  -18.7994
49.62949 0.00947 -3.89301 0.00276     -14.1106  -18.7994
49.62949 0.00947 -0.22005 0.0014         -14.1106  0.0000
49.62949 0.01347 -0.22005 0.0014         -14.1106  0.0000
49.62949 0.005469999999999999 -0.22005 0.0014         -14.1106  0.0000
49.62949 0.00947 0.97995 0.0014         -14.1106  0.0000
49.62949 0.00947 -1.42005 0.0014         -14.1106  0.0000
49.62949 0.00947 -0.22005 0.0039     -14.1106  0.0000
49.62949 0.00947 -0.22005 -0.0011     -14.1106  0.0000
49.62949 0.00947 4.04878 -0.0027         -14.1106  18.7994
49.62949 0.01347 4.04878 -0.0027         -14.1106  18.7994
49.62949 0.005469999999999999 4.04878 -0.0027         -14.1106  18.7994
49.62949 0.00947 5.24878 -0.0027         -14.1106  18.7994
49.62949 0.00947 2.8487799999999996 -0.0027         -14.1106  18.7994
49.62949 0.00947 4.04878 -0.0002000000000000001     -14.1106  18.7994
49.62949 0.00947 4.04878 -0.0052     -14.1106  18.7994
49.62949 0.00947 6.94579 -0.00637         -14.1106  37.5988
49.62949 0.01347 6.94579 -0.00637         -14.1106  37.5988
49.62949 0.005469999999999999 6.94579 -0.00637         -14.1106  37.5988
49.62949 0.00947 8.14579 -0.00637         -14.1106  37.5988
49.62949 0.00947 5.7457899999999995 -0.00637         -14.1106  37.5988
49.62949 0.00947 6.94579 -0.0038699999999999997     -14.1106  37.5988
49.62949 0.00947 6.94579 -0.00887     -14.1106  37.5988
49.62949 0.02889 -3.22627 0.00426         -7.0697   -18.7994
49.62949 0.03289 -3.22627 0.00426         -7.0697   -18.7994
49.62949 0.02489 -3.22627 0.00426         -7.0697   -18.7994
49.62949 0.02889 -2.0262700000000002 0.00426         -7.0697   -18.7994
49.62949 0.02889 -4.42627 0.00426         -7.0697   -18.7994
49.62949 0.02889 -3.22627 0.00676     -7.0697   -18.7994
49.62949 0.02889 -3.22627 0.0017599999999999998     -7.0697   -18.7994
49.62949 0.02889 0.42764 0.00098         -7.0697   0.0000
49.62949 0.03289 0.42764 0.00098         -7.0697   0.0000
49.62949 0.02489 0.42764 0.00098         -7.0697   0.0000
49.62949 0.02889 1.62764 0.00098         -7.0697   0.0000
49.62949 0.02889 -0.7723599999999999 0.00098         -7.0697   0.0000
49.62949 0.02889 0.42764 0.00348     -7.0697   0.0000
49.62949 0.02889 0.42764 -0.00152     -7.0697   0.0000
49.62949 0.02889 4.32998 -0.00255         -7.0697   18.7994
49.62949 0.03289 4.32998 -0.00255         -7.0697   18.7994
49.62949 0.02489 4.32998 -0.00255         -7.0697   18.7994
49.62949 0.02889 5.52998 -0.00255         -7.0697   18.7994
49.62949 0.02889 3.1299799999999998 -0.00255         -7.0697   18.7994
49.62949 0.02889 4.32998 -5.000000000000013e-05     -7.0697   18.7994
49.62949 0.02889 4.32998 -0.005050000000000001     -7.0697   18.7994
49.62949 0.0493 -6.33537 0.0072         0.0000    -37.5988
49.62949 0.0533 -6.33537 0.0072         0.0000    -37.5988
49.62949 0.04529999999999999 -6.33537 0.0072         0.0000    -37.5988
49.62949 0.0493 -5.13537 0.0072         0.0000    -37.5988
49.62949 0.0493 -7.53537 0.0072         0.0000    -37.5988
49.62949 0.0493 -6.33537 0.0097     0.0000    -37.5988
49.62949 0.0493 -6.33537 0.004699999999999999     0.0000    -37.5988
49.62949 0.0493 -2.63077 0.00405         0.0000    -18.7994
49.62949 0.0533 -2.63077 0.00405         0.0000    -18.7994
49.62949 0.04529999999999999 -2.63077 0.00405         0.0000    -18.7994
49.62949 0.0493 -1.43077 0.00405         0.0000    -18.7994
49.62949 0.0493 -3.8307700000000002 0.00405         0.0000    -18.7994
49.62949 0.0493 -2.63077 0.00655     0.0000    -18.7994
49.62949 0.0493 -2.63077 0.0015499999999999997     0.0000    -18.7994
49.62949 0.0493 1.06259 0.00096         0.0000    0.0000
49.62949 0.0533 1.06259 0.00096         0.0000    0.0000
49.62949 0.04529999999999999 1.06259 0.00096         0.0000    0.0000
49.62949 0.0493 2.26259 0.00096         0.0000    0.0000
49.62949 0.0493 -0.13741000000000003 0.00096         0.0000    0.0000
49.62949 0.0493 1.06259 0.00346     0.0000    0.0000
49.62949 0.0493 1.06259 -0.0015400000000000001     0.0000    0.0000
49.62949 0.0493 4.9858 -0.00216         0.0000    18.7994
49.62949 0.0533 4.9858 -0.00216         0.0000    18.7994
49.62949 0.04529999999999999 4.9858 -0.00216         0.0000    18.7994
49.62949 0.0493 6.1858 -0.00216         0.0000    18.7994
49.62949 0.0493 3.7858 -0.00216         0.0000    18.7994
49.62949 0.0493 4.9858 0.00034     0.0000    18.7994
49.62949 0.0493 4.9858 -0.00466     0.0000    18.7994
49.62949 0.0493 8.54243 -0.00535         0.0000    37.5988
49.62949 0.0533 8.54243 -0.00535         0.0000    37.5988
49.62949 0.04529999999999999 8.54243 -0.00535         0.0000    37.5988
49.62949 0.0493 9.742429999999999 -0.00535         0.0000    37.5988
49.62949 0.0493 7.342429999999999 -0.00535         0.0000    37.5988
49.62949 0.0493 8.54243 -0.0028499999999999997     0.0000    37.5988
49.62949 0.0493 8.54243 -0.00785     0.0000    37.5988
49.62949 0.06946 -5.67429 0.00709         7.0697    -37.5988
49.62949 0.07346 -5.67429 0.00709         7.0697    -37.5988
49.62949 0.06545999999999999 -5.67429 0.00709         7.0697    -37.5988
49.62949 0.06946 -4.47429 0.00709         7.0697    -37.5988
49.62949 0.06946 -6.87429 0.00709         7.0697    -37.5988
49.62949 0.06946 -5.67429 0.00959     7.0697    -37.5988
49.62949 0.06946 -5.67429 0.00459     7.0697    -37.5988
49.62949 0.06946 -2.0837 0.00395         7.0697    -18.7994
49.62949 0.07346 -2.0837 0.00395         7.0697    -18.7994
49.62949 0.06545999999999999 -2.0837 0.00395         7.0697    -18.7994
49.62949 0.06946 -0.8836999999999999 0.00395         7.0697    -18.7994
49.62949 0.06946 -3.2836999999999996 0.00395         7.0697    -18.7994
49.62949 0.06946 -2.0837 0.006450000000000001     7.0697    -18.7994
49.62949 0.06946 -2.0837 0.0014500000000000003     7.0697    -18.7994
49.62949 0.06946 1.64729 0.00122         7.0697    0.0000
49.62949 0.07346 1.64729 0.00122         7.0697    0.0000
49.62949 0.06545999999999999 1.64729 0.00122         7.0697    0.0000
49.62949 0.06946 2.84729 0.00122         7.0697    0.0000
49.62949 0.06946 0.44728999999999997 0.00122         7.0697    0.0000
49.62949 0.06946 1.64729 0.00372     7.0697    0.0000
49.62949 0.06946 1.64729 -0.00128     7.0697    0.0000
49.62949 0.06946 5.96548 -0.00179         7.0697    18.7994
49.62949 0.07346 5.96548 -0.00179         7.0697    18.7994
49.62949 0.06545999999999999 5.96548 -0.00179         7.0697    18.7994
49.62949 0.06946 7.1654800000000005 -0.00179         7.0697    18.7994
49.62949 0.06946 4.76548 -0.00179         7.0697    18.7994
49.62949 0.06946 5.96548 0.0007100000000000001     7.0697    18.7994
49.62949 0.06946 5.96548 -0.00429     7.0697    18.7994
49.62949 0.06946 9.04508 -0.00479         7.0697    37.5988
49.62949 0.07346 9.04508 -0.00479         7.0697    37.5988
49.62949 0.06545999999999999 9.04508 -0.00479         7.0697    37.5988
49.62949 0.06946 10.24508 -0.00479         7.0697    37.5988
49.62949 0.06946 7.84508 -0.00479         7.0697    37.5988
49.62949 0.06946 9.04508 -0.00229     7.0697    37.5988
49.62949 0.06946 9.04508 -0.00729     7.0697    37.5988
49.62949 0.08891 -4.37631 0.00704         14.1106   -18.7994
49.62949 0.09291 -4.37631 0.00704         14.1106   -18.7994
49.62949 0.08491 -4.37631 0.00704         14.1106   -18.7994
49.62949 0.08891 -3.17631 0.00704         14.1106   -18.7994
49.62949 0.08891 -5.57631 0.00704         14.1106   -18.7994
49.62949 0.08891 -4.37631 0.00954     14.1106   -18.7994
49.62949 0.08891 -4.37631 0.004540000000000001     14.1106   -18.7994
49.62949 0.08891 2.49575 0.00117         14.1106   0.0000
49.62949 0.09291 2.49575 0.00117         14.1106   0.0000
49.62949 0.08491 2.49575 0.00117         14.1106   0.0000
49.62949 0.08891 3.6957500000000003 0.00117         14.1106   0.0000
49.62949 0.08891 1.2957500000000002 0.00117         14.1106   0.0000
49.62949 0.08891 2.49575 0.00367     14.1106   0.0000
49.62949 0.08891 2.49575 -0.00133     14.1106   0.0000
49.62949 0.08891 5.85515 -0.00158         14.1106   18.7994
49.62949 0.09291 5.85515 -0.00158         14.1106   18.7994
49.62949 0.08491 5.85515 -0.00158         14.1106   18.7994
49.62949 0.08891 7.05515 -0.00158         14.1106   18.7994
49.62949 0.08891 4.65515 -0.00158         14.1106   18.7994
49.62949 0.08891 5.85515 0.00092     14.1106   18.7994
49.62949 0.08891 5.85515 -0.00408     14.1106   18.7994
217.20503 0.02034 -6.54011 0.00905         -14.1106  -37.5988
217.20503 0.02434 -6.54011 0.00905         -14.1106  -37.5988
217.20503 0.01634 -6.54011 0.00905         -14.1106  -37.5988
217.20503 0.02034 -5.34011 0.00905         -14.1106  -37.5988
217.20503 0.02034 -7.7401100000000005 0.00905         -14.1106  -37.5988
217.20503 0.02034 -6.54011 0.011550000000000001     -14.1106  -37.5988
217.20503 0.02034 -6.54011 0.00655     -14.1106  -37.5988
217.20503 0.02034 -3.91351 0.0043         -14.1106  -18.7994
217.20503 0.02434 -3.91351 0.0043         -14.1106  -18.7994
217.20503 0.01634 -3.91351 0.0043         -14.1106  -18.7994
217.20503 0.02034 -2.7135100000000003 0.0043         -14.1106  -18.7994
217.20503 0.02034 -5.11351 0.0043         -14.1106  -18.7994
217.20503 0.02034 -3.91351 0.0068000000000000005     -14.1106  -18.7994
217.20503 0.02034 -3.91351 0.0018     -14.1106  -18.7994
217.20503 0.02034 0.51119 0.0003         -14.1106  0.0000
217.20503 0.02434 0.51119 0.0003         -14.1106  0.0000
217.20503 0.01634 0.51119 0.0003         -14.1106  0.0000
217.20503 0.02034 1.71119 0.0003         -14.1106  0.0000
217.20503 0.02034 -0.6888099999999999 0.0003         -14.1106  0.0000
217.20503 0.02034 0.51119 0.0028     -14.1106  0.0000
217.20503 0.02034 0.51119 -0.0022     -14.1106  0.0000
217.20503 0.02034 5.09013 -0.00394         -14.1106  18.7994
217.20503 0.02434 5.09013 -0.00394         -14.1106  18.7994
217.20503 0.01634 5.09013 -0.00394         -14.1106  18.7994
217.20503 0.02034 6.29013 -0.00394         -14.1106  18.7994
217.20503 0.02034 3.89013 -0.00394         -14.1106  18.7994
217.20503 0.02034 5.09013 -0.0014399999999999999     -14.1106  18.7994
217.20503 0.02034 5.09013 -0.0064399999999999995     -14.1106  18.7994
217.20503 0.02034 8.24959 -0.00826         -14.1106  37.5988
217.20503 0.02434 8.24959 -0.00826         -14.1106  37.5988
217.20503 0.01634 8.24959 -0.00826         -14.1106  37.5988
217.20503 0.02034 9.449589999999999 -0.00826         -14.1106  37.5988
217.20503 0.02034 7.049589999999999 -0.00826         -14.1106  37.5988
217.20503 0.02034 8.24959 -0.0057599999999999995     -14.1106  37.5988
217.20503 0.02034 8.24959 -0.01076     -14.1106  37.5988
217.20503 0.03907 -2.45457 0.00437         -7.0697   -18.7994
217.20503 0.04307 -2.45457 0.00437         -7.0697   -18.7994
217.20503 0.035070000000000004 -2.45457 0.00437         -7.0697   -18.7994
217.20503 0.03907 -1.25457 0.00437         -7.0697   -18.7994
217.20503 0.03907 -3.6545699999999997 0.00437         -7.0697   -18.7994
217.20503 0.03907 -2.45457 0.006869999999999999     -7.0697   -18.7994
217.20503 0.03907 -2.45457 0.0018699999999999997     -7.0697   -18.7994
217.20503 0.03907 0.91618 0.00038         -7.0697   0.0000
217.20503 0.04307 0.91618 0.00038         -7.0697   0.0000
217.20503 0.035070000000000004 0.91618 0.00038         -7.0697   0.0000
217.20503 0.03907 2.11618 0.00038         -7.0697   0.0000
217.20503 0.03907 -0.28381999999999996 0.00038         -7.0697   0.0000
217.20503 0.03907 0.91618 0.00288     -7.0697   0.0000
217.20503 0.03907 0.91618 -0.00212     -7.0697   0.0000
217.20503 0.03907 4.19335 -0.00336         -7.0697   18.7994
217.20503 0.04307 4.19335 -0.00336         -7.0697   18.7994
217.20503 0.035070000000000004 4.19335 -0.00336         -7.0697   18.7994
217.20503 0.03907 5.39335 -0.00336         -7.0697   18.7994
217.20503 0.03907 2.9933499999999995 -0.00336         -7.0697   18.7994
217.20503 0.03907 4.19335 -0.0008600000000000001     -7.0697   18.7994
217.20503 0.03907 4.19335 -0.005860000000000001     -7.0697   18.7994
217.20503 0.03907 6.96676 -0.00713         -7.0697   37.5988
217.20503 0.04307 6.96676 -0.00713         -7.0697   37.5988
217.20503 0.035070000000000004 6.96676 -0.00713         -7.0697   37.5988
217.20503 0.03907 8.16676 -0.00713         -7.0697   37.5988
217.20503 0.03907 5.76676 -0.00713         -7.0697   37.5988
217.20503 0.03907 6.96676 -0.0046300000000000004     -7.0697   37.5988
217.20503 0.03907 6.96676 -0.00963     -7.0697   37.5988
217.20503 0.05967 -4.12003 0.00758         0.0000    -37.5988
217.20503 0.06367 -4.12003 0.00758         0.0000    -37.5988
217.20503 0.05567 -4.12003 0.00758         0.0000    -37.5988
217.20503 0.05967 -2.9200299999999997 0.00758         0.0000    -37.5988
217.20503 0.05967 -5.32003 0.00758         0.0000    -37.5988
217.20503 0.05967 -4.12003 0.01008     0.0000    -37.5988
217.20503 0.05967 -4.12003 0.0050799999999999994     0.0000    -37.5988
217.20503 0.05967 -1.55977 0.00414         0.0000    -18.7994
217.20503 0.06367 -1.55977 0.00414         0.0000    -18.7994
217.20503 0.05567 -1.55977 0.00414         0.0000    -18.7994
217.20503 0.05967 -0.35977000000000015 0.00414         0.0000    -18.7994
217.20503 0.05967 -2.75977 0.00414         0.0000    -18.7994
217.20503 0.05967 -1.55977 0.00664     0.0000    -18.7994
217.20503 0.05967 -1.55977 0.0016399999999999995     0.0000    -18.7994
217.20503 0.05967 1.50133 0.00044         0.0000    0.0000
217.20503 0.06367 1.50133 0.00044         0.0000    0.0000
217.20503 0.05567 1.50133 0.00044         0.0000    0.0000
217.20503 0.05967 2.70133 0.00044         0.0000    0.0000
217.20503 0.05967 0.3013300000000001 0.00044         0.0000    0.0000
217.20503 0.05967 1.50133 0.00294     0.0000    0.0000
217.20503 0.05967 1.50133 -0.00206     0.0000    0.0000
217.20503 0.05967 4.82628 -0.00298         0.0000    18.7994
217.20503 0.06367 4.82628 -0.00298         0.0000    18.7994
217.20503 0.05567 4.82628 -0.00298         0.0000    18.7994
217.20503 0.05967 6.02628 -0.00298         0.0000    18.7994
217.20503 0.05967 3.6262799999999995 -0.00298         0.0000    18.7994
217.20503 0.05967 4.82628 -0.00047999999999999996     0.0000    18.7994
217.20503 0.05967 4.82628 -0.0054800000000000005     0.0000    18.7994
217.20503 0.05967 7.3651 -0.00638         0.0000    37.5988
217.20503 0.06367 7.3651 -0.00638         0.0000    37.5988
217.20503 0.05567 7.3651 -0.00638         0.0000    37.5988
217.20503 0.05967 8.5651 -0.00638         0.0000    37.5988
217.20503 0.05967 6.1651 -0.00638         0.0000    37.5988
217.20503 0.05967 7.3651 -0.00388     0.0000    37.5988
217.20503 0.05967 7.3651 -0.00888     0.0000    37.5988
217.20503 0.07998 -3.19106 0.00733         7.0697    -37.5988
217.20503 0.08398 -3.19106 0.00733         7.0697    -37.5988
217.20503 0.07597999999999999 -3.19106 0.00733         7.0697    -37.5988
217.20503 0.07998 -1.9910599999999998 0.00733         7.0697    -37.5988
217.20503 0.07998 -4.3910599999999995 0.00733         7.0697    -37.5988
217.20503 0.07998 -3.19106 0.00983     7.0697    -37.5988
217.20503 0.07998 -3.19106 0.004829999999999999     7.0697    -37.5988
217.20503 0.07998 -0.79514 0.00392         7.0697    -18.7994
217.20503 0.08398 -0.79514 0.00392         7.0697    -18.7994
217.20503 0.07597999999999999 -0.79514 0.00392         7.0697    -18.7994
217.20503 0.07998 0.40486 0.00392         7.0697    -18.7994
217.20503 0.07998 -1.99514 0.00392         7.0697    -18.7994
217.20503 0.07998 -0.79514 0.00642     7.0697    -18.7994
217.20503 0.07998 -0.79514 0.0014199999999999998     7.0697    -18.7994
217.20503 0.07998 2.30058 0.00061         7.0697    0.0000
217.20503 0.08398 2.30058 0.00061         7.0697    0.0000
217.20503 0.07597999999999999 2.30058 0.00061         7.0697    0.0000
217.20503 0.07998 3.5005800000000002 0.00061         7.0697    0.0000
217.20503 0.07998 1.1005800000000001 0.00061         7.0697    0.0000
217.20503 0.07998 2.30058 0.00311     7.0697    0.0000
217.20503 0.07998 2.30058 -0.0018900000000000002     7.0697    0.0000
217.20503 0.07998 5.32846 -0.00284         7.0697    18.7994
217.20503 0.08398 5.32846 -0.00284         7.0697    18.7994
217.20503 0.07597999999999999 5.32846 -0.00284         7.0697    18.7994
217.20503 0.07998 6.52846 -0.00284         7.0697    18.7994
217.20503 0.07998 4.12846 -0.00284         7.0697    18.7994
217.20503 0.07998 5.32846 -0.00034     7.0697    18.7994
217.20503 0.07998 5.32846 -0.00534     7.0697    18.7994
217.20503 0.07998 8.06096 -0.00601         7.0697    37.5988
217.20503 0.08398 8.06096 -0.00601         7.0697    37.5988
217.20503 0.07597999999999999 8.06096 -0.00601         7.0697    37.5988
217.20503 0.07998 9.260959999999999 -0.00601         7.0697    37.5988
217.20503 0.07998 6.8609599999999995 -0.00601         7.0697    37.5988
217.20503 0.07998 8.06096 -0.0035099999999999997     7.0697    37.5988
217.20503 0.07998 8.06096 -0.00851     7.0697    37.5988
217.20503 0.0988 -1.48702 0.007         14.1106   -18.7994
217.20503 0.1028 -1.48702 0.007         14.1106   -18.7994
217.20503 0.0948 -1.48702 0.007         14.1106   -18.7994
217.20503 0.0988 -0.28702000000000005 0.007         14.1106   -18.7994
217.20503 0.0988 -2.68702 0.007         14.1106   -18.7994
217.20503 0.0988 -1.48702 0.0095     14.1106   -18.7994
217.20503 0.0988 -1.48702 0.0045000000000000005     14.1106   -18.7994
217.20503 0.0988 3.14 0.00065         14.1106   0.0000
217.20503 0.1028 3.14 0.00065         14.1106   0.0000
217.20503 0.0948 3.14 0.00065         14.1106   0.0000
217.20503 0.0988 4.34 0.00065         14.1106   0.0000
217.20503 0.0988 1.9400000000000002 0.00065         14.1106   0.0000
217.20503 0.0988 3.14 0.00315     14.1106   0.0000
217.20503 0.0988 3.14 -0.00185     14.1106   0.0000
217.20503 0.0988 5.25 -0.00233         14.1106   18.7994
217.20503 0.1028 5.25 -0.00233         14.1106   18.7994
217.20503 0.0948 5.25 -0.00233         14.1106   18.7994
217.20503 0.0988 6.45 -0.00233         14.1106   18.7994
217.20503 0.0988 4.05 -0.00233         14.1106   18.7994
217.20503 0.0988 5.25 0.00017     14.1106   18.7994
217.20503 0.0988 5.25 -0.00483     14.1106   18.7994
