# x      a       y       b      A      B
-471.6467 -0.0198 -5.09507 0.0046 -14.1106  -18.7994
-471.6467 -0.0198 0.04253 0.00126 -14.1106  0.0000
-471.6467 -0.0198 4.67843 -0.0013 -14.1106  18.7994   
-471.6467 -0.0198 9.12419 -0.00377 -14.1106  37.5988   
-471.6467 -0.00128 -10.37019 0.00646 -7.0697   -37.5988   
-471.6467 -0.00128 -5.2773 0.00369 -7.0697   -18.7994   
-471.6467 -0.00128 0.46088 0.0014 -7.0697   0.0000   
-471.6467 -0.00128 6.11017 -0.00096 -7.0697   18.7994   
-471.6467 -0.00128 11.34899 -0.0032 -7.0697   37.5988   
-471.6467 0.01928 -11.11321 0.0061 0.0000    -37.5988   
-471.6467 0.01928 -5.40893 0.0037 0.0000    -18.7994   
-471.6467 0.01928 1.05189 0.00191 0.0000    0.0000   
-471.6467 0.01928 7.6534 -0.00037 0.0000    18.7994   
-471.6467 0.01928 13.36699 -0.00251 0.0000    37.5988   
-471.6467 0.03978 -11.623 0.00558 7.0697    -37.5988   
-471.6467 0.03978 -4.94648 0.00367 7.0697    -18.7994   
-471.6467 0.03978 1.80699 0.0018 7.0697    0.0000   
-471.6467 0.03978 9.02823 -0.00005 7.0697    18.7994   
-471.6467 0.03978 15.48402 -0.00214 7.0697    37.5988   
-471.6467 0.05818 -11.0864 0.00534 14.1106   -37.5988   
-471.6467 0.05818 -3.46357 0.00365 14.1106   -18.7994   
-471.6467 0.05818 2.91256 0.00187 14.1106   0.0000   
-471.6467 0.05818 8.81371 0.00005 14.1106   18.7994   
-471.6467 0.05818 14.84116 -0.0014 14.1106   37.5988
-293.46263 -0.0107 -7.92197 0.0072 -14.1106  -37.5988
-293.46263 -0.0107 -4.45475 0.0038 -14.1106  -18.7994
-293.46263 -0.0107 0.00039 0.00101 -14.1106  0.0000
-293.46263 -0.0107 4.54841 -0.0022 -14.1106  18.7994   
-293.46263 -0.0107 8.24405 -0.0048 -14.1106  37.5988   
-293.46263 0.00844 -8.55644 0.00729 -7.0697   -37.5988   
-293.46263 0.00844 -4.05275 0.00418 -7.0697   -18.7994   
-293.46263 0.00844 0.43088 0.00123 -7.0697   0.0000   
-293.46263 0.00844 5.4377 -0.00139 -7.0697   18.7994   
-293.46263 0.00844 10.51035 -0.00399 -7.0697   37.5988   
-293.46263 0.02906 -9.15175 0.0064 0.0000    -37.5988   
-293.46263 0.02906 -4.30029 0.00403 0.0000    -18.7994   
-293.46263 0.02906 1.06733 0.0015 0.0000    0.0000   
-293.46263 0.02906 6.62974 -0.00095 0.0000    18.7994   
-293.46263 0.02906 11.63299 -0.0034 0.0000    37.5988   
-293.46263 0.04974 -9.05034 0.0063 7.0697    -37.5988   
-293.46263 0.04974 -3.60018 0.00409 7.0697    -18.7994   
-293.46263 0.04974 2.1631 0.00162 7.0697    0.0000   
-293.46263 0.04974 7.98231 -0.00057 7.0697    18.7994   
-293.46263 0.04974 13.10695 -0.0028 7.0697    37.5988   
-293.46263 0.06907 -7.79811 0.00624 14.1106   -37.5988   
-293.46263 0.06907 -1.89058 0.00399 14.1106   -18.7994   
-293.46263 0.06907 3.02901 0.00178 14.1106   0.0000   
-293.46263 0.06907 7.73711 -0.00044 14.1106   18.7994   
-293.46263 0.06907 12.37114 -0.00215 14.1106   37.5988   
-119.47398 0.00041 -6.87815 0.00912 -14.1106  -37.5988   
-119.47398 0.00041 -4.02022 0.0058 -14.1106  -18.7994
-119.47398 0.00041 -0.17405 0.00191 -14.1106  0.0000
-119.47398 0.00041 3.84323 -0.00156 -14.1106  18.7994   
-119.47398 0.00041 7.42301 -0.00513 -14.1106  37.5988   
-119.47398 0.0189 -7.41219 0.0085 -7.0697   -37.5988   
-119.47398 0.0189 -3.66044 0.00493 -7.0697   -18.7994   
-119.47398 0.0189 0.5268 0.00196 -7.0697   0.0000   
-119.47398 0.0189 4.86499 -0.00138 -7.0697   18.7994   
-119.47398 0.0189 8.59602 -0.0039 -7.0697   37.5988   
-119.47398 0.03928 -7.54283 0.0077 0.0000    -37.5988   
-119.47398 0.03928 -3.26475 0.0048 0.0000    -18.7994   
-119.47398 0.03928 1.09504 0.00214 0.0000    0.0000   
-119.47398 0.03928 5.76642 0.0006 0.0000    18.7994   
-119.47398 0.03928 9.99925 -0.00343 0.0000    37.5988   
-119.47398 0.05951 -7.2043 0.0077 7.0697    -37.5988   
-119.47398 0.05951 -2.85003 0.00517 7.0697    -18.7994   
-119.47398 0.05951 2.03025 0.00243 7.0697    0.0000   
-119.47398 0.05951 7.25649 -0.00012 7.0697    18.7994   
-119.47398 0.05951 11.10236 -0.00278 7.0697    37.5988   
-119.47398 0.079 -5.56235 0.0077 14.1106   -18.7994   
-119.47398 0.079 -0.38519 0.0052 14.1106   0.0000   
-119.47398 0.079 3.08663 0.00264 14.1106   18.7994   
-119.47398 0.079 6.81471 0.00018 14.1106   37.5988   
49.62949 0.00947 -3.89301 0.00526 -14.1106  -18.7994
49.62949 0.00947 -0.22005 0.0014 -14.1106  0.0000
49.62949 0.00947 4.04878 -0.0027 -14.1106  18.7994   
49.62949 0.00947 6.94579 -0.00637 -14.1106  37.5988   
49.62949 0.02889 -3.22627 0.00426 -7.0697   -18.7994   
49.62949 0.02889 0.42764 0.00098 -7.0697   0.0000   
49.62949 0.02889 4.32998 -0.00255 -7.0697   18.7994   
49.62949 0.0493 -6.33537 0.0072 0.0000    -37.5988   
49.62949 0.0493 -2.63077 0.00405 0.0000    -18.7994   
49.62949 0.0493 1.06259 0.00096 0.0000    0.0000   
49.62949 0.0493 4.9858 -0.00216 0.0000    18.7994   
49.62949 0.0493 8.54243 -0.00535 0.0000    37.5988   
49.62949 0.06946 -5.67429 0.00709 7.0697    -37.5988   
49.62949 0.06946 -2.0837 0.00395 7.0697    -18.7994   
49.62949 0.06946 1.64729 0.00122 7.0697    0.0000   
49.62949 0.06946 5.96548 -0.00179 7.0697    18.7994   
49.62949 0.06946 9.04508 -0.00479 7.0697    37.5988   
49.62949 0.08891 -4.37631 0.00704 14.1106   -18.7994   
49.62949 0.08891 2.49575 0.00117 14.1106   0.0000   
49.62949 0.08891 5.85515 -0.00158 14.1106   18.7994   
217.20503 0.02034 -6.54011 0.00905 -14.1106  -37.5988    
217.20503 0.02034 -3.91351 0.0043 -14.1106  -18.7994
217.20503 0.02034 0.51119 0.0003 -14.1106  0.0000
217.20503 0.02034 5.09013 -0.00394 -14.1106  18.7994   
217.20503 0.02034 8.24959 -0.00826 -14.1106  37.5988   
217.20503 0.03907 -2.45457 0.00437 -7.0697   -18.7994   
217.20503 0.03907 0.91618 0.00038 -7.0697   0.0000   
217.20503 0.03907 4.19335 -0.00336 -7.0697   18.7994   
217.20503 0.03907 6.96676 -0.00713 -7.0697   37.5988   
217.20503 0.05967 -4.12003 0.00758 0.0000    -37.5988   
217.20503 0.05967 -1.55977 0.00414 0.0000    -18.7994   
217.20503 0.05967 1.50133 0.00044 0.0000    0.0000   
217.20503 0.05967 4.82628 -0.00298 0.0000    18.7994   
217.20503 0.05967 7.3651 -0.00638 0.0000    37.5988   
217.20503 0.07998 -3.19106 0.00733 7.0697    -37.5988   
217.20503 0.07998 -0.79514 0.00392 7.0697    -18.7994   
217.20503 0.07998 2.30058 0.00061 7.0697    0.0000   
217.20503 0.07998 5.32846 -0.00284 7.0697    18.7994   
217.20503 0.07998 8.06096 -0.00601 7.0697    37.5988   
217.20503 0.0988 -1.48702 0.007 14.1106   -18.7994   
217.20503 0.0988 3.14 0.00065 14.1106   0.0000   
217.20503 0.0988 5.25 -0.00233 14.1106   18.7994
